12
4 4
0 1 0 1
1 1 0 0
1 1 1 1
1 1 0 1
4 4
0 1 1 1
1 1 0 1
1 1 1 0
1 1 0 1
4 4
0 0 1 1
0 1 0 1
1 1 1 1
1 1 1 1
4 4
0 0 1 1
0 1 0 1
1 1 1 0
1 1 1 1
3 3
0 1 0
1 0 1
0 1 0
3 3
0 1 0
1 1 1
0 1 0
3 3
1 1 0
0 1 1
1 0 1
3 3
1 1 0
1 1 0
1 0 1
6 5
0 1 0 0 0 0 
1 0 0 0 0 0 
0 1 0 1 0 0 
0 0 0 0 0 0 
0 0 0 0 0 1 
7 7
1 0 1 0 1 0 0 
1 0 0 1 0 0 1 
0 0 0 0 0 1 1 
1 1 1 0 0 1 1 
0 0 0 1 1 0 1 
1 0 1 1 0 1 0 
0 0 1 0 0 0 0 
6 8
0 0 0 0 0 0 
0 1 0 1 1 1 
0 0 1 0 1 0 
0 0 0 1 0 1 
0 0 0 0 1 0 
0 0 0 0 0 1 
0 0 0 0 0 0 
0 0 0 0 0 0 
10 10
0 0 0 0 1 1 1 0 0 0 
1 1 0 0 0 1 1 0 1 1 
1 0 1 0 1 1 1 1 0 0 
1 0 1 0 0 0 1 0 0 1 
0 1 0 1 1 0 0 0 0 1 
1 1 1 1 0 0 0 0 0 1 
0 0 1 1 0 0 1 0 0 1 
1 1 0 1 0 1 1 1 0 1 
1 0 0 0 1 0 0 1 1 1 
0 1 1 0 0 1 1 1 0 0 
45 50
1 0 1 1 1 0 1 0 0 1 0 1 0 0 0 1 1 1 1 1 1 1 1 1 0 0 1 1 1 0 1 1 1 1 1 1 1 1 0 1 0 0 1 0 1 
1 1 0 1 0 0 1 1 1 0 1 1 1 1 1 1 1 1 0 1 1 0 1 1 0 1 1 1 1 0 1 1 0 0 1 0 1 0 1 1 1 0 1 1 1 
0 1 1 1 0 1 1 1 1 1 0 1 1 0 1 1 0 1 0 1 1 0 1 1 0 1 1 1 0 1 0 0 1 1 1 1 0 1 0 1 0 0 1 1 0 
0 1 1 1 1 1 1 0 1 0 0 0 1 1 1 1 1 0 1 1 1 1 1 1 1 1 1 1 0 0 1 1 0 1 0 1 0 0 1 1 1 1 1 1 1 
1 1 1 0 0 1 1 0 0 1 1 1 0 1 1 1 1 0 1 0 0 0 1 1 1 0 1 1 0 1 1 1 1 1 0 1 0 1 1 0 1 1 1 0 1 
0 0 1 1 0 1 0 0 0 0 0 1 0 0 1 0 1 1 1 1 1 0 1 0 1 0 1 1 0 1 0 1 1 1 0 1 1 1 1 0 0 1 1 1 1 
1 1 1 1 0 1 0 0 0 0 0 1 0 0 1 0 0 1 1 0 0 0 0 0 0 1 1 0 1 0 0 1 1 1 0 1 1 1 0 0 0 0 0 0 0 
0 1 1 1 1 0 1 0 1 1 1 0 0 1 0 1 1 0 1 0 1 0 1 0 1 1 1 1 1 1 1 1 0 1 1 0 1 0 0 1 1 1 0 1 1 
0 0 1 1 0 1 1 1 1 0 1 0 1 1 1 1 1 1 0 0 0 1 1 0 1 1 1 0 0 1 1 1 1 1 1 0 1 0 1 1 1 1 1 1 0 
0 0 1 0 0 0 1 0 1 1 1 0 1 1 1 0 0 0 1 1 1 1 1 1 1 0 1 1 1 0 0 1 0 1 1 1 1 1 0 1 1 0 0 1 1 
0 1 1 1 1 1 1 1 1 1 0 1 1 0 1 1 1 1 1 1 0 0 1 1 1 1 1 1 1 1 1 1 1 0 0 0 1 1 1 1 1 0 1 0 1 
1 1 1 0 1 1 1 1 0 1 0 1 0 1 1 1 1 0 1 1 1 0 0 1 0 0 0 0 1 1 0 1 1 1 1 1 1 1 0 0 1 1 1 0 0 
0 1 1 1 1 0 1 1 0 1 1 0 1 0 0 1 1 1 0 1 1 1 1 1 1 0 0 1 1 0 1 1 1 1 1 0 1 0 1 1 1 0 1 1 1 
0 1 1 1 0 0 0 1 1 1 1 1 1 1 0 1 1 0 0 0 1 1 1 1 0 1 1 0 0 1 0 1 0 0 0 1 1 1 0 1 1 1 0 0 1 
1 1 1 1 0 1 1 1 0 1 0 1 0 1 0 1 1 0 0 0 1 0 1 1 1 0 1 1 0 1 1 1 1 1 1 0 1 1 1 1 1 1 1 1 1 
0 1 0 1 1 1 1 1 1 1 1 0 0 1 1 0 1 0 0 1 1 1 1 1 1 1 1 1 0 1 0 0 1 0 1 1 0 0 1 1 0 1 1 0 1 
0 1 0 1 0 1 1 1 1 1 1 1 1 1 1 0 0 1 0 0 1 1 1 1 1 0 1 1 0 0 1 0 1 1 1 1 1 0 0 1 0 1 1 1 0 
0 1 0 1 1 1 0 1 1 1 0 0 0 1 0 1 1 1 0 0 0 1 1 1 1 1 1 1 0 1 1 0 1 1 1 0 1 0 1 0 1 0 1 1 0 
1 1 0 1 1 0 1 1 1 1 1 0 1 1 1 0 0 1 1 1 0 0 0 0 1 1 0 1 0 1 0 0 0 1 1 1 0 0 1 1 1 0 1 1 1 
1 0 1 0 1 0 0 1 1 1 1 1 0 0 0 0 0 1 1 0 1 1 0 1 0 0 1 0 1 0 0 1 0 0 1 1 1 0 1 1 1 1 1 1 1 
1 1 1 1 1 0 1 1 1 1 0 0 1 1 1 1 0 0 1 1 0 0 1 1 0 1 1 1 0 1 1 1 1 1 1 0 1 1 1 1 0 0 1 1 1 
1 1 1 1 0 0 1 0 0 1 1 1 0 1 0 1 1 1 0 0 1 1 0 0 1 0 1 1 0 1 1 1 1 0 1 0 1 1 1 0 1 1 1 0 1 
0 0 1 1 1 1 1 0 1 1 1 1 1 1 0 1 1 1 0 0 1 0 1 1 1 1 1 0 1 1 0 1 0 0 0 1 1 1 1 1 0 1 1 0 1 
0 0 1 1 0 1 1 0 1 0 1 1 0 1 0 1 1 0 0 0 1 0 1 1 0 1 0 0 1 1 1 1 0 0 0 0 1 0 1 1 0 0 0 1 0 
1 1 1 1 0 0 0 0 1 0 0 1 0 0 0 1 0 1 1 1 0 1 1 1 1 1 1 0 1 1 1 1 1 0 1 0 1 1 1 1 0 1 1 1 1 
1 1 1 1 1 0 1 1 1 1 1 1 1 1 0 0 1 1 0 0 0 1 0 1 1 1 1 1 1 0 0 1 1 1 0 1 1 1 1 1 1 0 0 1 0 
1 0 1 1 1 1 1 1 1 1 0 1 1 1 0 0 0 1 1 1 0 0 1 0 1 0 1 1 0 1 1 0 0 1 1 1 1 1 1 1 1 1 1 1 0 
1 0 0 1 1 1 1 1 0 0 0 0 0 0 0 1 0 1 1 0 1 1 1 0 1 1 1 1 1 0 1 1 1 1 1 1 1 1 1 1 1 0 1 1 0 
1 1 1 1 1 0 0 1 1 1 0 0 1 0 1 1 1 0 1 1 1 1 1 1 0 0 1 1 1 0 1 1 0 1 0 0 1 1 0 1 1 1 1 0 1 
0 1 1 0 1 0 0 0 1 1 0 1 0 1 1 1 1 1 1 0 1 0 0 1 1 1 1 1 1 1 1 1 1 1 1 1 1 1 1 0 1 0 0 0 1 
1 0 1 1 0 1 1 1 1 0 1 0 1 1 1 1 0 1 1 0 1 1 1 0 0 0 0 1 0 0 1 0 1 0 1 1 1 1 1 0 1 1 0 0 1 
1 1 1 1 0 1 1 0 0 1 1 0 0 1 1 1 1 1 0 1 1 0 1 1 1 0 0 0 1 0 1 0 1 1 0 1 1 1 1 1 0 1 0 1 1 
1 1 1 1 1 1 1 1 1 0 1 1 0 1 1 1 1 1 1 1 1 0 0 1 0 1 1 1 1 1 0 1 1 1 1 1 0 1 1 0 1 1 1 0 1 
1 1 1 1 1 1 1 1 0 1 0 0 0 0 1 1 1 1 0 1 0 1 0 1 1 1 0 1 1 1 1 0 0 0 1 0 0 1 1 1 1 1 0 1 1 
0 1 1 1 1 0 0 1 0 0 0 0 0 0 0 0 0 0 0 1 1 0 1 1 1 1 0 0 1 1 1 1 1 0 1 1 0 0 1 1 1 1 1 1 1 
1 1 0 1 1 1 0 0 0 0 1 1 1 1 1 1 0 1 1 1 1 1 1 1 0 1 0 1 1 1 0 0 1 1 1 1 0 1 1 0 1 1 1 0 1 
0 1 1 1 1 0 1 0 1 1 1 1 1 0 0 1 1 1 1 1 1 1 1 1 1 0 1 1 1 0 0 0 0 1 1 0 1 0 1 1 0 1 1 0 1 
1 1 0 1 0 1 1 0 1 0 0 1 1 1 0 0 1 1 1 1 1 1 0 1 1 1 1 1 1 0 1 0 1 0 1 1 1 1 1 0 1 1 0 1 1 
0 1 0 0 1 0 1 1 0 0 1 1 0 0 1 1 1 1 1 1 1 0 1 1 1 1 0 0 0 1 1 1 1 0 1 1 0 1 1 1 1 1 1 1 1 
1 1 1 1 1 1 0 1 1 0 1 1 1 0 0 0 1 1 1 1 0 1 1 1 1 1 1 1 1 1 1 1 0 0 1 0 0 1 1 0 1 1 1 0 1 
1 1 1 0 1 0 0 0 0 0 1 0 1 0 0 1 0 1 1 0 0 1 1 1 0 0 1 1 0 1 1 1 1 0 0 0 1 0 0 0 0 0 1 1 1 
1 0 0 1 1 0 0 0 1 1 1 0 1 1 1 1 0 0 1 0 1 0 0 1 0 1 1 0 1 0 1 0 1 0 0 1 1 1 0 1 1 1 1 0 1 
1 1 1 1 1 0 1 1 0 1 1 1 0 0 1 0 1 0 1 1 1 1 0 1 0 1 0 1 1 1 1 0 0 1 0 1 0 0 1 0 1 1 0 0 1 
0 1 0 0 0 1 1 1 0 0 0 1 1 1 1 0 1 1 1 0 1 0 1 1 0 1 1 1 1 0 1 1 0 1 0 1 1 0 1 1 0 1 0 1 0 
1 0 1 0 0 0 1 1 1 0 1 1 0 1 1 1 0 1 0 1 1 1 0 0 1 0 0 1 0 1 1 1 1 1 1 1 1 1 1 1 1 0 1 1 1 
1 1 0 1 1 1 1 0 1 0 1 0 0 1 1 0 0 1 0 0 1 1 1 1 1 1 1 1 1 1 1 1 1 1 0 0 1 1 1 1 1 1 0 1 0 
1 1 1 1 1 0 1 0 1 1 1 0 1 0 1 0 0 1 1 1 0 1 1 1 0 1 1 1 1 1 1 1 1 1 1 1 1 0 0 0 0 1 0 0 1 
0 1 1 0 0 1 1 0 1 1 1 1 0 1 1 0 1 1 1 1 0 1 0 1 0 1 0 0 1 0 1 0 0 1 1 1 0 1 0 0 1 1 1 0 1 
1 0 1 1 1 1 1 1 1 0 0 0 0 0 0 1 0 1 0 1 1 1 1 0 1 1 1 1 0 1 1 1 1 0 0 0 1 1 0 0 1 1 0 1 1 
0 1 0 1 1 1 1 1 1 1 0 0 0 0 0 0 1 0 1 0 1 1 1 1 0 1 1 1 1 0 1 1 1 1 0 0 0 1 1 0 0 1 1 0 1 

#1 1
#2 6
#3 3
#4 -1
#5 91