10
8 3
0 0 0 0 0 1 0 0
0 1 0 1 0 0 0 1
0 0 0 0 0 0 0 0
0 0 0 1 0 1 0 0
0 0 1 1 0 0 0 0
0 0 0 0 0 0 0 0
0 0 0 0 1 0 1 0
1 0 0 0 0 0 0 0
7 7
0 0 0 1 0 0 0
0 0 0 0 0 0 0
0 0 0 0 0 0 0
1 0 0 0 0 0 1
0 0 0 0 0 0 0
0 0 0 0 0 0 0
0 0 0 1 0 0 0
10 5
0 0 0 0 0 0 0 0 0 0
0 0 1 0 0 0 0 0 1 1
0 0 0 0 0 1 0 0 1 0
0 0 0 0 0 1 1 0 0 0
0 1 0 0 0 0 0 0 0 1
1 0 0 1 1 1 0 0 0 0
0 1 0 1 0 1 0 0 0 1
0 0 0 0 0 0 1 0 0 1
0 0 1 1 0 0 0 0 0 0
0 0 0 1 0 0 1 1 0 0
15 4
0 0 0 1 0 0 0 0 0 0 0 0 0 1 1
1 0 0 0 0 1 0 0 0 1 0 0 0 0 0
1 0 1 1 0 1 0 0 1 0 0 0 0 0 1
0 0 1 0 1 0 0 0 0 1 0 0 0 0 0
0 0 0 0 0 1 1 1 0 0 0 0 0 0 0
0 1 1 0 0 0 0 0 0 0 1 1 0 1 0
0 0 0 0 0 1 0 1 0 0 1 1 1 1 1
0 0 1 0 0 0 0 0 0 0 0 0 0 0 1
0 0 0 0 0 0 0 1 0 0 1 0 1 1 0
0 1 0 0 0 1 0 1 1 0 0 0 0 0 0
1 1 1 0 0 0 0 0 1 0 0 0 0 1 0
1 0 1 0 0 1 0 1 0 0 1 0 0 0 0
0 0 0 0 0 0 1 1 1 0 1 0 0 0 0
0 0 0 0 0 0 1 0 0 0 1 0 0 1 1
0 0 0 0 1 0 0 0 0 0 0 1 0 0 0
15 3
0 0 0 0 0 0 0 0 0 0 0 0 0 1 0
0 0 0 0 0 0 0 1 0 0 0 0 0 0 0
1 0 0 0 0 0 1 0 0 0 0 0 1 0 0
0 0 0 0 1 0 0 0 0 1 1 0 0 0 1
0 1 0 0 0 0 0 0 0 0 0 0 0 0 0
0 0 0 0 0 0 0 0 0 0 0 0 0 0 1
0 0 1 0 0 0 0 0 1 0 1 0 0 0 0
0 0 0 0 1 0 0 0 0 1 0 0 0 0 0
0 0 0 0 0 0 0 1 0 0 0 0 0 0 0
1 0 0 0 0 0 1 0 1 0 0 0 0 0 0
0 1 0 0 0 0 1 0 0 0 1 0 0 1 0
0 0 0 0 0 0 0 0 0 0 0 0 0 1 0
0 0 0 0 0 0 0 0 0 0 0 0 1 0 0
0 0 0 0 0 0 0 0 0 0 0 0 0 0 0
0 0 0 0 0 0 1 0 0 0 1 0 1 0 0
15 8
0 0 1 0 0 0 0 0 0 0 0 0 0 0 1
0 0 0 0 0 1 0 0 0 0 0 0 0 1 1
0 0 0 0 1 0 0 0 1 1 1 0 1 0 0
1 1 0 0 0 1 0 1 0 0 0 0 1 0 0
0 1 0 0 1 0 1 0 1 0 0 0 0 1 1
0 0 0 0 0 0 0 1 0 0 0 1 0 0 0
1 0 0 0 1 0 0 0 1 0 1 0 1 0 1
1 1 1 0 0 0 0 0 1 0 0 0 0 1 0
1 1 0 0 0 0 0 0 1 0 1 0 1 0 0
1 1 0 0 1 0 1 0 0 0 0 0 0 1 0
0 0 0 0 0 0 0 0 1 0 0 1 1 0 1
0 0 0 0 1 0 0 0 1 0 0 0 0 0 0
0 1 0 0 1 1 0 0 0 0 0 0 0 0 1
1 0 0 0 0 0 0 1 1 1 0 0 0 1 1
1 0 0 0 0 1 0 0 0 0 0 1 0 1 1
15 2
1 0 1 1 0 1 1 1 0 1 0 0 0 0 0
1 0 0 1 0 0 0 0 1 0 0 0 1 0 0
0 0 0 0 0 0 0 0 1 1 1 1 0 0 0
1 0 0 0 0 0 0 0 0 0 0 1 0 1 1
1 1 1 1 1 1 1 0 0 1 0 0 1 1 0
0 1 0 1 0 0 0 0 0 1 1 0 1 1 0
1 0 0 1 1 1 0 0 1 0 0 0 0 1 1
0 1 1 1 1 1 0 1 0 1 0 0 0 0 1
0 0 1 1 0 0 0 0 0 0 0 0 1 1 1
0 1 1 1 0 0 0 1 1 0 0 1 0 0 1
0 0 1 0 0 1 1 0 1 0 0 0 1 0 0
1 1 1 1 1 0 0 1 1 0 1 1 1 1 1
1 1 0 0 0 0 0 1 0 0 0 0 0 1 0
1 1 0 1 0 0 0 0 0 1 0 0 0 0 1
0 1 0 0 0 0 1 0 0 1 0 1 0 0 0
20 4
0 0 0 0 0 0 0 0 0 0 0 0 0 0 0 0 0 0 0 0
0 0 0 0 1 1 0 0 1 0 0 0 1 0 0 0 1 0 0 0
1 0 0 0 1 0 1 0 0 0 0 0 0 0 0 0 0 0 0 0
0 0 0 0 0 0 1 0 0 0 0 1 0 0 0 0 0 0 0 0
0 0 0 1 1 0 0 0 1 0 0 0 0 0 1 0 0 1 1 1
0 0 0 0 0 0 0 1 0 0 0 0 0 1 1 0 0 0 0 1
0 0 0 0 0 1 1 0 0 1 0 1 0 0 0 0 0 0 0 0
0 0 1 0 0 0 0 0 1 0 0 0 0 0 0 1 0 0 0 1
0 1 0 0 0 1 0 1 1 1 0 0 0 0 0 0 0 0 1 0
0 0 0 0 0 0 0 0 1 0 0 0 0 0 1 0 0 0 1 0
0 0 0 0 0 0 0 0 0 0 0 0 0 1 0 0 0 0 0 0
1 0 0 1 0 0 1 0 0 1 0 0 0 0 0 0 0 0 0 1
0 0 0 1 0 0 1 0 0 0 0 1 0 0 0 0 0 0 0 0
0 0 1 0 0 0 0 1 0 0 0 0 1 0 1 0 0 1 0 0
0 0 0 0 1 0 0 0 0 0 0 0 0 1 0 0 0 0 0 0
0 0 0 1 0 0 0 0 0 0 0 1 0 0 0 0 0 0 0 0
0 0 0 0 0 1 0 1 0 0 0 0 0 0 0 0 0 1 0 0
0 0 0 1 0 0 1 0 0 0 0 0 0 0 1 0 1 1 0 0
0 0 1 0 1 0 0 0 0 1 1 1 0 0 0 0 0 1 0 0
0 0 0 0 0 0 0 0 0 0 1 1 0 0 0 0 1 0 0 0
20 10
0 0 0 0 1 0 0 1 0 0 0 0 0 0 0 1 0 1 0 1
0 0 0 0 0 1 0 0 0 0 0 0 1 0 0 0 0 0 0 0
0 0 0 1 0 0 1 0 0 1 0 0 0 1 0 0 0 0 1 0
0 0 0 0 0 0 0 0 0 0 0 0 0 0 0 1 0 1 0 0
1 0 1 0 0 0 0 0 0 0 0 0 1 0 1 0 0 0 0 0
0 0 0 0 0 0 1 1 1 0 0 1 1 0 0 0 1 0 0 0
0 0 0 0 1 0 0 0 1 0 0 0 0 0 0 0 0 0 0 0
0 0 0 0 0 0 0 0 0 0 0 0 0 0 0 0 0 0 0 0
0 1 0 0 0 0 0 0 1 0 1 0 0 0 0 1 0 0 0 0
1 0 0 1 0 0 0 0 0 0 0 0 0 0 0 0 1 0 0 0
0 0 0 0 0 0 0 1 0 0 0 0 1 0 0 1 0 1 1 0
0 1 0 0 0 1 0 1 0 1 0 0 0 0 0 0 0 1 0 0
0 0 0 0 1 0 0 0 0 0 1 0 0 0 0 0 1 0 0 0
1 0 0 0 0 0 0 0 0 0 0 0 1 1 0 0 0 0 0 0
0 0 0 0 1 0 0 0 0 1 0 0 0 0 1 0 0 0 0 0
0 0 1 0 0 0 0 0 1 1 1 0 0 1 0 0 0 0 0 0
0 0 0 0 0 0 1 0 1 0 1 0 1 0 0 0 0 0 0 0
0 0 1 0 1 1 1 1 1 1 0 0 0 1 0 0 0 1 0 1
0 0 0 0 0 0 1 0 0 0 0 0 0 0 0 0 1 0 0 0
0 1 0 0 1 0 0 1 0 0 0 0 1 0 0 0 0 1 0 0
20 3
1 1 1 1 1 1 1 1 1 1 1 1 1 1 1 1 1 1 1 1
1 1 1 1 1 1 1 1 1 1 1 1 1 1 1 1 1 1 1 1
1 1 1 1 1 1 1 1 1 1 1 1 1 1 1 1 1 1 1 1
1 1 1 1 1 1 1 1 1 1 1 1 1 1 1 1 1 1 1 1
1 1 1 1 1 1 1 1 1 1 1 1 1 1 1 1 1 1 1 1
1 1 1 1 1 1 1 1 1 1 1 1 1 1 1 1 1 1 1 1
1 1 1 1 1 1 1 1 1 1 1 1 1 1 1 1 1 1 1 1
1 1 1 1 1 1 1 1 1 1 1 1 1 1 1 1 1 1 1 1
1 1 1 1 1 1 1 1 1 1 1 1 1 1 1 1 1 1 1 1
1 1 1 1 1 1 1 1 1 1 1 1 1 1 1 1 1 1 1 1
1 1 1 1 1 1 1 1 1 1 1 1 1 1 1 1 1 1 1 1
1 1 1 1 1 1 1 1 1 1 1 1 1 1 1 1 1 1 1 1
1 1 1 1 1 1 1 1 1 1 1 1 1 1 1 1 1 1 1 1
1 1 1 1 1 1 1 1 1 1 1 1 1 1 1 1 1 1 1 1
1 1 1 1 1 1 1 1 1 1 1 1 1 1 1 1 1 1 1 1
1 1 1 1 1 1 1 1 1 1 1 1 1 1 1 1 1 1 1 1
1 1 1 1 1 1 1 1 1 1 1 1 1 1 1 1 1 1 1 1
1 1 1 1 1 1 1 1 1 1 1 1 1 1 1 1 1 1 1 1
1 1 1 1 1 1 1 1 1 1 1 1 1 1 1 1 1 1 1 1
1 1 1 1 1 1 1 1 1 1 1 1 1 1 1 1 1 1 1 1

#1 5
#2 4
#3 24
#4 48
#5 3
#6 65
#7 22
#8 22
#9 78
#10 400
